2 M 1775 997
3 S 2460 2509
3 S 758 3035
1 S 5087 4903
2 A 1386 1230
1 S 5413 455
3 M 3944 1448
2 S 2399 743
2 O 1553 5011
2 A 841 611
1 D 2793 5178
1 M 3855 2675
1 O 3683 1300
1 D 4024 2849
1 O 2879 3331
2 D 2062 3233
1 O 3055 3129
1 A 914 1420
1 M 2171 943
2 M 2020 188
3 D 259 623
1 O 2127 4384
2 M 4939 792
3 M 2340 4161
2 S 254 2188
1 O 4790 1166
2 A 2788 1670
3 O 4542 2111
2 M 2093 1866
2 D 3822 2210
3 M 541 1590
3 D 188 1356
1 O 3864 3301
2 A 5309 3282
2 M 5491 5554
3 O 5841 4464
2 A 2742 2922
3 O 1629 4638
1 A 2993 81
2 A 2093 4280
