1 D 2591 843
3 A 5918 1140
3 A 4621 5537
3 S 3763 5309
3 A 4860 4912
3 O 2649 972
2 O 4888 3772
1 S 5025 555
3 D 560 77
3 O 4777 2357
1 O 4049 4356
1 O 2178 4288
2 O 3198 3594
2 D 2425 4042
3 O 4572 525
2 M 1426 4441
1 S 1630 828
2 M 5059 1522
2 M 1246 2780
2 D 4254 4226
3 M 5997 4509
3 O 125 1607
1 M 3222 1917
2 S 4173 2183
1 O 927 5049
2 D 1713 1749
2 A 2714 12
1 D 5551 1536
1 D 5232 5926
2 S 1754 1763
1 D 5403 5109
2 S 741 5371
3 M 4988 3195
1 S 1538 3249
3 D 5906 513
1 M 688 2827
1 M 3491 4873
2 M 756 725
2 O 4156 4993
1 M 2800 866
2 O 3302 172
2 A 1285 5823
3 S 3881 3963
2 O 4696 3906
2 O 1520 4456
1 M 5588 3450
3 O 1039 3679
2 A 2220 297
3 A 2369 5282
1 A 5596 2099
